Space 1 1 7 8
0 10 1 16 7
1 20 1 25 7
2 28 1 34 7
3 37 1 44 7
4 46 1 52 7
5 55 1 61 7
6 64 1 70 7
8 82 1 88 7
9 91 1 97 7
A 100 1 106 7
B 109 1 115 7
C 118 1 124 7
D 127 1 133 7
E 136 1 142 7
F 1 10 7 16
G 10 10 16 16
H 19 10 25 16
I 29 10 34 16
J 37 10 43 16
K 46 10 52 16
L 56 10 61 16
M 64 10 70 16
N 73 10 79 16
O 82 10 88 16
P 91 10 97 16
Q 100 10 106 16
R 109 10 115 16
S 118 10 124 16
T 128 10 133 16
U 136 10 142 16
V 1 19 7 25
W 10 19 16 25
X 19 19 25 25
Y 29 19 34 25
Z 37 19 43 25
1UP 75 19 90 25
- 54 19 59 25
* 61 19 67 25
! 68 18 73 25